1|1|1|1|2015-07-02|1|1
2|2|2|2|2015-07-02|1|1
3|3|3|3|2015-07-02|1|0
4|4|5|4|2015-07-14|0|1
5|5|5|1|2015-08-06|1|1
6|6|6|4|2015-08-06|1|0
7|7|1|1|2015-07-02|1|1
8|8|2|2|2015-07-02|1|1
9|9|3|3|2015-07-02|1|0
10|10|5|4|2015-07-14|0|1
11|11|5|1|2015-08-15|1|1
12|12|6|4|2015-08-15|1|0
13|13|1|1|2015-07-15|1|1
14|14|2|2|2015-07-16|1|1
15|15|3|3|2015-07-17|1|0
16|16|5|4|2015-07-18|0|1
17|17|5|1|2015-08-19|1|1
18|18|6|4|2015-08-19|1|0
19|1|1|1|2015-07-20|1|1
20|2|2|2|2015-07-20|1|1
21|3|3|3|2015-07-20|1|0
22|4|5|4|2015-07-21|0|1
23|5|5|1|2015-08-22|1|1
24|6|6|4|2015-08-22|1|0
25|7|1|1|2015-08-22|1|1
26|8|2|2|2015-08-02|1|1
27|9|3|3|2015-08-02|1|0
28|10|5|4|2015-08-14|0|1
29|11|5|1|2015-08-06|1|1
30|12|6|4|2015-08-06|1|0
31|13|1|1|2015-09-2|1|1
32|14|2|2|2015-09-2|1|1
33|15|3|3|2015-09-4|1|0
34|16|5|4|2015-09-14|0|1
35|17|5|1|2015-09-16|1|1
36|18|6|4|2015-09-16|1|0
37|37|1|1|2014-07-02|1|1
38|38|2|2|2014-07-02|1|1
39|39|3|3|2014-07-02|1|0
40|40|5|4|2014-07-14|0|1
41|41|5|1|2014-08-06|1|1
42|42|6|4|2014-08-06|1|0
43|43|1|1|2014-07-02|1|1
44|44|2|2|2014-07-02|1|1
45|45|3|3|2014-07-02|1|0
46|46|5|4|2014-07-14|0|1
47|47|5|1|2014-08-15|1|1
48|48|6|4|2014-08-15|1|0
49|49|1|1|2014-07-15|1|1
50|50|2|2|2014-07-16|1|1
51|51|3|3|2014-07-17|1|0
52|52|5|4|2014-07-18|0|1
53|53|5|1|2014-08-19|1|1
54|54|6|4|2014-08-19|1|0
55|55|1|1|2014-07-20|1|1
56|56|2|2|2014-07-20|1|1
57|57|3|3|2014-07-20|1|0
58|58|5|4|2014-07-21|0|1
59|59|5|1|2014-08-22|1|1
60|60|6|4|2014-08-22|1|0
61|61|1|1|2014-08-22|1|1
62|62|2|2|2014-08-02|1|1
63|63|3|3|2014-08-02|1|0
64|64|5|4|2014-08-14|0|1
65|65|5|1|2014-08-06|1|1
66|66|6|4|2014-08-06|1|0
67|67|1|1|2014-09-2|1|1
68|68|2|2|2014-09-2|1|1
69|69|3|3|2014-09-4|1|0
70|70|5|4|2014-09-14|0|1
71|71|5|1|2014-09-16|1|1
72|72|6|4|2014-09-16|1|0